year,full_strength,mid_strength,low_strength
2000,82,11,7
2001,81,12,7
2002,80,13,7
2003,79,14,7
2004,78,15,7
2005,77,16,7
2006,76,17,7
2007,74,19,7
2008,72,22,6
2009,71,23,6
2010,70,24,6
2011,69,25,6
2012,68,27,5
2013,67,28,5
2014,66,29,5
2015,65,30,5
2016,64,31,5
2017,63,33,4
2018,62,34,4
2019,61,35,4
2020,60,36,4
2021,59,37,4
2022,58,38,4
2023,57,39,4
